6.3110895182068285
5.2505180783432905
4.47362675920234
3.893583113528747
3.451539605269528
3.1075066241808242
2.8341457466221818
2.6126020959039757
2.429725130268465
2.276221036419829
2.1454247718525328
2.032481864944092
1.9338002783746924
1.8466802041579375
1.76906142249805
1.6993487957802829
1.6362901443775937
1.5788896312161322
1.5263455263327332
1.4780049333013523
1.4333304657488772
1.3918754394996746
1.3532651962441296
1.3171828858518644
1.2833585228243733
1.2515604712167019
1.2215887492901387
1.193269711959566
1.1664517873083178
1.1410020277971673
1.1168032974364932
1.0937519601372228
1.0717559665790934
1.0507332606315773
1.030610444012148
1.0113216511407712
0.9928075962302665
